kinematics:
  shoulder:
    x: 0
    y: 0
    z: 0.08926862022354863
    roll: -0
    pitch: 0
    yaw: -3.110709810076213e-05
  upper_arm:
    x: 0.0003389259895244025
    y: 0
    z: 0
    roll: 1.570188630966205
    pitch: 0
    yaw: -2.265958458696488e-05
  forearm:
    x: -0.4253042110231258
    y: 0
    z: 0
    roll: 0.0004004671080040561
    pitch: 0.0009514770223369379
    yaw: -1.7924730990257e-05
  wrist_1:
    x: -0.3922027350666989
    y: -0.000205976121060937
    z: 0.1110693431741534
    roll: 0.001854480084698149
    pitch: 0.002132283504831872
    yaw: -2.832733147845861e-05
  wrist_2:
    x: -1.197491683347993e-05
    y: -0.09487067619053229
    z: 2.624213932941136e-05
    roll: 1.570519717206836
    pitch: 0
    yaw: -3.042567573180347e-05
  wrist_3:
    x: 3.793182170272546e-05
    y: 0.08257810081734195
    z: 4.939571689165691e-06
    roll: 1.570856143763734
    pitch: 3.141592653589793
    yaw: -3.141564220604994
  hash: calib_7872465510773321699